794,examine the alarmclock with the desklamp.,"look,go to desk 1,go to dresser 1,go to sidetable 1,take alarmclock 1 from sidetable 1,go to desk 1,use desklamp 1,go to drawer 10"
1088,look at book under the desklamp.,"look,go to shelf 5,go to shelf 1,go to shelf 4,go to shelf 2,go to desk 1,take book 1 from desk 1,go to shelf 2,use desklamp 1,go to desk 2"
1124,put a clean bowl in fridge.,"look,go to sinkbasin 1,go to fridge 1,open fridge 1,close fridge 1,go to sidetable 1,take bowl 2 from sidetable 1,go to sinkbasin 1,clean bowl 2 with sinkbasin 1,go to fridge 1,open fridge 1,put bowl 2 in/on fridge 1,close fridge 1"
1195,clean some mug and put it in coffeemachine.,"look,go to cabinet 8,open cabinet 8,close cabinet 8,go to fridge 1,open fridge 1,close fridge 1,go to stoveburner 2,go to cabinet 3,open cabinet 3,close cabinet 3,go to countertop 2,go to cabinet 6,open cabinet 6,close cabinet 6,go to cabinet 1,open cabinet 1,close cabinet 1,go to cabinet 2,open cabinet 2,close cabinet 2,go to diningtable 1,go to cabinet 5,open cabinet 5,close cabinet 5,go to stoveburner 1,go to coffeemachine 1,go to drawer 2,open drawer 2,close drawer 2,go to toaster 1,go to cabinet 7,open cabinet 7,close cabinet 7,go to drawer 1,go to drawer 4,open drawer 4,close drawer 4,go to countertop 3,go to cabinet 4,open cabinet 4,close cabinet 4,go to garbagecan 1,go to stoveburner 4,go to drawer 5,open drawer 5,close drawer 5,go to cabinet 10,open cabinet 10,close cabinet 10,go to stoveburner 3"
1555,put a clean knife in drawer.,"look,go to drawer 12,open drawer 12,close drawer 12,go to drawer 5,go to drawer 6,open drawer 6,close drawer 6,go to drawer 1,open drawer 1,take knife 1 from drawer 1,go to sinkbasin 1,clean knife 1 with sinkbasin 1,look,go to drawer 12,open drawer 12,put knife 1 in/on drawer 12,close drawer 12"
1787,heat some plate and put it in countertop.,"look,go to cabinet 6,open cabinet 6,close cabinet 6,go to drawer 3,open drawer 3,close drawer 3,go to toaster 1,go to cabinet 3,open cabinet 3,close cabinet 3,go to countertop 2,go to cabinet 7,open cabinet 7,close cabinet 7,go to drawer 2,open drawer 2,close drawer 2,go to cabinet 2,open cabinet 2,close cabinet 2,go to sinkbasin 1,go to cabinet 5,open cabinet 5,close cabinet 5,go to microwave 1,open microwave 1,close microwave 1,go to shelf 1,go to fridge 1,open fridge 1,close fridge 1,go to stoveburner 3,go to stoveburner 2,go to shelf 2,go to drawer 8,go to stoveburner 1,go to countertop 3,take plate 3 from countertop 3,go to microwave 1,heat plate 3 with microwave 1,go to countertop 2,put plate 3 in/on countertop 2,go to cabinet 6"
2228,put a cool plate in diningtable.,"look,go to cabinet 17,open cabinet 17,close cabinet 17,go to drawer 4,go to cabinet 13,open cabinet 13,close cabinet 13,go to cabinet 7,go to cabinet 15,open cabinet 15,close cabinet 15,go to cabinet 16,go to cabinet 5,open cabinet 5,close cabinet 5,go to countertop 2,go to diningtable 2,take plate 4 from diningtable 2,go to fridge 1,cool plate 4 with fridge 1,go to diningtable 2,put plate 4 in/on diningtable 2,go to cabinet 17"
2326,cool some winebottle and put it in diningtable.,"look,go to cabinet 17,open cabinet 17,close cabinet 17,go to cabinet 13,open cabinet 13,close cabinet 13,go to cabinet 7,go to cabinet 15,open cabinet 15,close cabinet 15,go to cabinet 16,go to cabinet 5,open cabinet 5,close cabinet 5,go to countertop 2,go to diningtable 2,go to cabinet 8,open cabinet 8,close cabinet 8,go to cabinet 12,go to diningtable 1,go to garbagecan 1,go to cabinet 1,go to cabinet 6,open cabinet 6,close cabinet 6,go to cabinet 19,go to fridge 1,open fridge 1,close fridge 1,go to cabinet 2,go to cabinet 18,go to cabinet 9,open cabinet 9,close cabinet 9,go to cabinet 20,open cabinet 20,close cabinet 20,go to countertop 1,take winebottle 1 from countertop 1,go to fridge 1,cool winebottle 1 with fridge 1,go to diningtable 2,put winebottle 1 in/on diningtable 2,go to cabinet 17"
2816,find two newspaper and put them in armchair.,"look,go to garbagecan 1,go to sofa 2,go to drawer 4,open drawer 4,close drawer 4,go to drawer 1,open drawer 1,close drawer 1,go to sidetable 2,take newspaper 2 from sidetable 2,go to armchair 1,put newspaper 2 in/on armchair 1,go to garbagecan 1,go to sofa 2,go to drawer 4,open drawer 4,close drawer 4,go to drawer 1,open drawer 1,close drawer 1,go to sidetable 2,go to drawer 2,open drawer 2,close drawer 2,go to sofa 1,go to drawer 3,open drawer 3,close drawer 3,go to coffeetable 1,go to drawer 5,open drawer 5,close drawer 5,go to sidetable 1,take newspaper 1 from sidetable 1,go to armchair 1,put newspaper 1 in/on armchair 1,go to garbagecan 1"
2829,find two remotecontrol and put them in armchair.,"look,go to coffeetable 2,take remotecontrol 1 from coffeetable 2,go to armchair 2,put remotecontrol 1 in/on armchair 2,go to coffeetable 2,take remotecontrol 2 from coffeetable 2,go to armchair 2,put remotecontrol 2 in/on armchair 2,go to coffeetable 2"
